Add restrict on buy threshold and sell threshold: 308880
delete 6 stock: 310861
add restrict [10, 7]: 312247, 12247/150000.=0.08164666666666667

best [5, 3]: 307290, 7290/80000.=0.091125


        total_times  commission   earn   spent       rtn   max_rtn
param
1, 1            568        4625   2006   86271  0.023259  0.023259
2, 1            303        2372   4319   45167  0.095636  0.095636
2, 2            870        7754   4623  136055  0.033984  0.095636
3, 1            154        1178   3059   26925  0.113625  0.113625
3, 2            582        4818   3722   90655  0.041066  0.113625
3, 3           1005        9222   7202  159369  0.045191  0.113625
4, 1            113         894   4017   19828  0.202595  0.202595
4, 2            370        2980   4596   52346  0.087814  0.202595
4, 3            789        6919   4478  123797  0.036179  0.202595
4, 4           1083        9977   9307  171657  0.054219  0.202595
5, 1             62         489   2152   18512  0.116298  0.202595
5, 2            267        2137   2523   44486  0.056716  0.202595
5, 3            616        5218   7402   81587  0.090727  0.202595
5, 4            978        8874   8347  142724  0.058490  0.202595
5, 5           1110       10288   9461  179164  0.052807  0.202595
6, 1             38         276   1248    5824  0.214317  0.214317
6, 2            175        1362   2149   35425  0.060664  0.214317
6, 3            467        3891   4984   63623  0.078343  0.214317
6, 4            770        6812   7239  111260  0.065071  0.214317
6, 5           1039        9534   9632  160220  0.060121  0.214317
6, 6           1120       10390   9665  182103  0.053074  0.214317
7, 1             22         159    629    5269  0.119499  0.214317
7, 2            111         844   1624   22013  0.073792  0.214317
7, 3            349        2844   4688   54901  0.085400  0.214317
7, 4            619        5359   5884   86077  0.068363  0.214317
7, 5            905        8105   8384  133681  0.062721  0.214317
7, 6           1075        9947   9574  167313  0.057222  0.214317
7, 7           1123       10418   9695  182086  0.053247  0.214317
8, 1             10          69    632    4171  0.151683  0.214317
8, 2             73         553   1422   19830  0.071714  0.214317
8, 3            238        1957   4275   44975  0.095053  0.214317
8, 4            469        3991   5078   69111  0.073479  0.214317
8, 5            788        6981   8661  113272  0.076469  0.214317
8, 6           1005        9148  10367  144633  0.071679  0.214317
8, 7           1106       10274   9376  179156  0.052335  0.214317
8, 8           1125       10435   9776  182021  0.053709  0.214317
9, 1             10          69    632    4171  0.151683  0.214317
9, 2             32         224    899    6982  0.128861  0.214317
9, 3            167        1328   2806   30376  0.092390  0.214317
9, 4            362        3009   3449   62272  0.055400  0.214317
9, 5            634        5495   6083   84069  0.072361  0.214317
9, 6            903        8150  10534  129465  0.081371  0.214317
9, 7           1065        9798   8941  162134  0.055151  0.214317
9, 8           1118       10381   9544  180797  0.052792  0.214317
9, 9           1126       10444   9761  182036  0.053627  0.214317
10, 1             8          49    272    4171  0.065389  0.214317
10, 2            18         121    817    4550  0.179578  0.214317
10, 3            97         745   2597   13833  0.187772  0.214317
10, 4           265        2162   2933   41279  0.071061  0.214317
10, 5           494        4193   5218   74318  0.070219  0.214317
10, 6           756        6726   9651  108015  0.089356  0.214317
10, 7           988        8959  11284  147407  0.076554  0.214317
10, 8          1096       10150   9656  175703  0.054959  0.214317
10, 9          1122       10409   9680  182101  0.053158  0.214317
10, 10         1126       10444   9761  182036  0.053627  0.214317
11, 1             8          49    272    4171  0.065389  0.214317
11, 2            12          73    370    4171  0.088751  0.214317
11, 3            62         485   2740    8578  0.319472  0.319472
11, 4           193        1517   2078   30953  0.067142  0.319472
11, 5           381        3217   4755   60586  0.078484  0.319472
11, 6           618        5397   7440   93096  0.079918  0.319472
11, 7           871        7836  11204  128944  0.086897  0.319472
11, 8          1039        9493  10904  153730  0.070932  0.319472
11, 9          1114       10326   9508  180650  0.052633  0.319472
11, 10         1124       10426   9711  182086  0.053336  0.319472
12, 1             8          49    272    4171  0.065389  0.319472
12, 2            10          59    296    4171  0.071186  0.319472
12, 3            43         321   2350    8878  0.264753  0.319472
12, 4           122         959   2157   25541  0.084460  0.319472
12, 5           291        2383   2899   41687  0.069546  0.319472
12, 6           507        4362   6160   79998  0.077001  0.319472
12, 7           748        6665   8748  111667  0.078345  0.319472
12, 8           959        8734  11156  141360  0.078921  0.319472
12, 9          1074        9889   9598  163526  0.058697  0.319472
12, 10         1118       10363   9697  180645  0.053681  0.319472
13, 1             8          49    272    4171  0.065389  0.319472
13, 2            10          59    296    4171  0.071186  0.319472
13, 3            29         210   1707    5941  0.287366  0.319472
13, 4            80         596   3076   10478  0.293595  0.319472
13, 5           213        1705   1784   37971  0.046984  0.319472
13, 6           414        3572   4987   70392  0.070858  0.319472
13, 7           615        5466   8371   92764  0.090249  0.319472
13, 8           854        7759  10598  131174  0.080799  0.319472
13, 9          1015        9309   9778  152941  0.063933  0.319472
13, 10         1096       10131   8912  176295  0.050553  0.319472
13, 11         1122       10399   9788  182009  0.053783  0.319472
13, 12         1126       10444   9761  182036  0.053627  0.319472
13, 13         1126       10444   9761  182036  0.053627  0.319472
14, 1             8          49    272    4171  0.065389  0.319472
14, 2            10          59    296    4171  0.071186  0.319472
14, 3            22         159   1199    4171  0.287656  0.319472
14, 4            56         401   2055   10209  0.201353  0.319472
14, 5           154        1194   2033   24283  0.083755  0.319472
14, 6           325        2701   3980   53587  0.074288  0.319472
14, 7           517        4584   6243   86087  0.072522  0.319472
14, 8           718        6453   9444  114455  0.082516  0.319472
14, 9           931        8501   9755  141135  0.069119  0.319472
14, 10         1055        9716   8878  165907  0.053516  0.319472
14, 11         1115       10320   9253  180526  0.051258  0.319472
14, 12         1125       10433   9638  182160  0.052910  0.319472
14, 13         1126       10444   9761  182036  0.053627  0.319472
14, 14         1126       10444   9761  182036  0.053627  0.319472
15, 1             8          49    272    4171  0.065389  0.319472
15, 2            10          59    296    4171  0.071186  0.319472
15, 3            18         130   1034    4171  0.247986  0.319472
15, 4            43         315   2027    6533  0.310273  0.319472
15, 5           102         781   1146   17051  0.067256  0.319472
15, 6           247        2006   3037   36518  0.083172  0.319472
15, 7           427        3664   3512   67759  0.051840  0.319472
15, 8           624        5570   6882  101264  0.067962  0.319472
15, 9           828        7441   9099  125796  0.072333  0.319472
15, 10          986        9029   9407  151241  0.062202  0.319472
15, 11         1082       10002   9123  170664  0.053461  0.319472
15, 12         1122       10401   9800  180430  0.054317  0.319472
15, 13         1125       10433   9638  182160  0.052910  0.319472
15, 14         1126       10444   9761  182036  0.053627  0.319472
15, 15         1126       10444   9761  182036  0.053627  0.319472
16, 1             8          49    272    4171  0.065389  0.319472
16, 2            10          59    296    4171  0.071186  0.319472
16, 3            14          97    611    4171  0.146613  0.319472
16, 4            35         261   1707    6533  0.261304  0.319472
16, 5            83         651   1534   13697  0.112031  0.319472
16, 6           190        1515   2272   25987  0.087437  0.319472
16, 7           350        2985   3893   51442  0.075679  0.319472
16, 8           533        4741   5791   83444  0.069404  0.319472
16, 9           725        6551   7468  113869  0.065592  0.319472
16, 10          906        8235  10072  137251  0.073386  0.319472
16, 11         1039        9589   9559  163140  0.058596  0.319472
16, 12         1100       10179   9415  177726  0.052977  0.319472
16, 13         1124       10419   9880  181917  0.054316  0.319472
16, 14         1126       10444   9761  182036  0.053627  0.319472
16, 15         1126       10444   9761  182036  0.053627  0.319472
16, 16         1126       10444   9761  182036  0.053627  0.319472
17, 1             8          49    272    4171  0.065389  0.319472
17, 2            10          59    296    4171  0.071186  0.319472
17, 3            12          76    354    4171  0.084977  0.319472
17, 4            31         219   1197    6533  0.183273  0.319472
17, 5            60         469   1953    9918  0.196962  0.319472
17, 6           143        1111   2235   22142  0.100942  0.319472
17, 7           283        2372   3029   43368  0.069849  0.319472
17, 8           447        3902   5658   69649  0.081237  0.319472
17, 9           630        5695   7054   95761  0.073669  0.319472
17, 10          812        7393   8377  122665  0.068294  0.319472
17, 11          965        8855   9280  147649  0.062853  0.319472
17, 12         1063        9801   9801  165349  0.059279  0.319472
17, 13         1115       10326  10023  180258  0.055608  0.319472
17, 14         1126       10444   9761  182036  0.053627  0.319472
17, 15         1126       10444   9761  182036  0.053627  0.319472
17, 16         1126       10444   9761  182036  0.053627  0.319472
17, 17         1126       10444   9761  182036  0.053627  0.319472


['rtn'] > 0.1:
       total_times  commission  earn  spent       rtn   max_rtn
param
3, 1           154        1178  3059  26925  0.113625  0.113625
4, 1           113         894  4017  19828  0.202595  0.202595
5, 1            62         489  2152  18512  0.116298  0.202595
6, 1            38         276  1248   5824  0.214317  0.214317
7, 1            22         159   629   5269  0.119499  0.214317
8, 1            10          69   632   4171  0.151683  0.214317
9, 1            10          69   632   4171  0.151683  0.214317
9, 2            32         224   899   6982  0.128861  0.214317
10, 2           18         121   817   4550  0.179578  0.214317
10, 3           97         745  2597  13833  0.187772  0.214317
11, 3           62         485  2740   8578  0.319472  0.319472
12, 3           43         321  2350   8878  0.264753  0.319472
13, 3           29         210  1707   5941  0.287366  0.319472
13, 4           80         596  3076  10478  0.293595  0.319472
14, 3           22         159  1199   4171  0.287656  0.287656
14, 4           56         401  2055  10209  0.201353  0.287656
15, 3           18         130  1034   4171  0.247986  0.287656
15, 4           43         315  2027   6533  0.310273  0.310273
16, 3           14          97   611   4171  0.146613  0.310273
16, 4           35         261  1707   6533  0.261304  0.310273
16, 5           83         651  1534  13697  0.112031  0.310273
17, 4           31         219  1197   6533  0.183273  0.310273
17, 5           60         469  1953   9918  0.196962  0.310273
17, 6          143        1111  2235  22142  0.100942  0.310273

['rtn'] > 0.1 and ['total_times'] > 50:
       total_times  commission  earn  spent       rtn   max_rtn
param
3, 1           154        1178  3059  26925  0.113625  0.113625
4, 1           113         894  4017  19828  0.202595  0.202595
5, 1            62         489  2152  18512  0.116298  0.202595
10, 3           97         745  2597  13833  0.187772  0.214317
11, 3           62         485  2740   8578  0.319472  0.319472
13, 4           80         596  3076  10478  0.293595  0.319472
14, 4           56         401  2055  10209  0.201353  0.287656
16, 5           83         651  1534  13697  0.112031  0.310273
17, 5           60         469  1953   9918  0.196962  0.310273
17, 6          143        1111  2235  22142  0.100942  0.310273
